         252
          94
          98
         244
          79
          25
         254
         165
         127
         233
          40
          80
          13
         226
          59
          13
         213
         188
         108
         115
         226
         203
         222
          67
         177
          29
         115
         119
         180
          13
          81
         240
         102
         181
          60
          94
         171
         239
          82
         207
         144
          59
          50
           0
          64
          99
         169
           5
         238
         185
         223
           4
          51
          42
         144
         123
         173
         208
          89
         216
         223
         148
           6
         150
         127
         120
         123
          88
         149
         177
          53
          99
         210
         219
         203
          49
         116
          10
           5
          81
         157
          49
          16
         230
         140
          27
          73
         162
         102
          50
         133
         166
         242
         162
          33
          70
         138
         212
         171
         166
         193
         127
         173
          57
         230
         148
         240
         240
         135
          69
         153
         192
          75
         248
         229
          76
          41
         222
         149
         177
         253
         192
         110
         148
         133
         249
          58
          69
         120
          48
          77
           3
         244
           6
         233
         182
         192
         140
          34
         109
         168
         209
         242
         210
         239
          30
         234
          73
         162
